School Name, Car Number, Acceleration, Cost, Design, Hill, Maneuverability, Sales, Susp&Traction, Endurance, Overall
McMaster Univ, 24, 37.7490512334, 11.0, 50.0, 55.5200131234, 0, 33.5, 12.6379780797, 53.3333333333, 253.74037577
Univ of Kentucky - Paducah, 25, 0, 7.0, 0.0, 0, 0, 0.0, 0, 40.0, 47.0
Vellore Institute of Technology, 26, 37.1086337761, 15.0, 120.0, 62.9089219331, 26.4995321095, 37.75, 0, 66.6666666667, 365.933754485
Univ of Louisville, 27, 0, 63.42, 0.0, 0, 0, 0.0, 0, 0, 63.42
Purdue Univ - Calumet, 20, 0, 0.0, 20.0, 0, 0, 35.33, 0, 160.0, 215.33
Sanilac Career Center, 22, 38.8519924099, 3.0, 20.0, 72.1334185848, 7.24298354395, 16.25, 12.6379780797, 200.0, 370.116372618
Clarkson University, 23, 47.7822580645, 44.77, 50.0, 65.153362423, 58.2312596526, 28.0, 12.6379780797, 306.666666667, 613.241524887
Arizona State Univ Polytechnic, 29, 0, 94.86, 120.0, 0, 0, 44.67, 0, 0, 259.53
California State Poly Univ - Pomona, 4, 53.0479127135, 62.75, 140.0, 60.9380626575, 55.0652003561, 48.67, 8.17751522805, 320.0, 748.648690955
Johns Hopkins Univ, 8, 45.6475332068, 93.44, 100.0, 54.1808964781, 25.4644669471, 45.25, 9.66433617861, 53.3333333333, 426.980566144
Louisiana State Univ, 58, 54.3287476281, 79.37, 70.0, 65.1951971234, 40.1056367496, 43.75, 12.6379780797, 293.333333333, 658.720892914
Cairo University, 55, 25.8657495256, 7.0, 30.0, 55.831408776, 0, 44.0, 8.92092570333, 66.6666666667, 238.284750672
North Carolina A & T State Univ, 54, 61.1954459203, 58.17, 90.0, 56.0657095527, 9.04911709436, 46.5, 5.94728380222, 80.0, 406.92755637
Univ of Illinois - Chicago, 57, 0, 73.35, 60.0, 49.3175636293, 42.5801310094, 41.5, 11.8945676044, 320.0, 598.642262243
Michigan State Univ, 56, 44.1532258065, 0.0, 150.0, 15.4460688657, 39.247457034, 46.25, 13.381388555, 333.333333333, 641.811473594
West Virginia Univ, 51, 32.4833965844, 25.1, 70.0, 56.0842907645, 71.5592927625, 42.25, 48.6279139205, 253.333333333, 599.438227365
Virginia Western Comm Coll, 50, 50.9487666034, 74.76, 30.0, 21.3049225733, 42.9647142064, 35.75, 10.4077466539, 146.666666667, 412.802816704
Western Carolina Univ, 53, 0, 0.0, 20.0, 0, 0, 23.0, 0, 15.3333333333, 58.3333333333
Geneva College, 52, 25.5099620493, 49.54, 20.0, 70.7166736314, 22.9435640325, 25.25, 36.6196567317, 80.0, 330.579856445
SUNY - Buffalo, 115, 0, 14.0, 0.0, 0, 0, 42.75, 0, 0, 56.75
Univ of Tennessee -Chattanooga, 114, 0, 3.0, 0.0, 0, 0, 0.0, 0, 0, 3.0
Oklahoma Christian Univ, 88, 0, 10.0, 20.0, 0, 0, 39.75, 0, 0, 69.75
Univ of Southern Indiana, 89, 0, 0.0, 0.0, 0, 0, 0.0, 0, 0, 0.0
Northern Kentucky Univ, 110, 0, 52.15, 20.0, 60.784841954, 69.4263966342, 23.0, 9.66433617861, 226.666666667, 461.692241434
New Jersey Inst of Tech (Newark Coll), 82, 25.830170778, 10.0, 80.0, 62.6759259259, 18.9337801751, 43.25, 7.43410475278, 146.666666667, 394.790648298
Miami Univ, 83, 39.8481973435, 68.41, 60.0, 61.0406396537, 0, 32.0, 0, 80.0, 341.298836997
Univ of Alabama - Tuscaloosa, 80, 41.805028463, 21.87, 0.0, 75.0, 14.4610509658, 36.5, 12.6379780797, 200.0, 402.274057509
Missouri University of Science and Tech, 86, 25.1897533207, 72.57, 40.0, 66.7817679558, 3.60522972284, 27.5, 14.8682095056, 133.333333333, 383.848293838
Cleveland State Univ, 87, 22.8415559772, 3.0, 30.0, 65.7354654927, 44.0009205651, 34.0, 65.8844373193, 160.0, 425.462379354
Lipscomb Univ, 84, 18.8567362429, 52.99, 0.0, 54.0194722281, 12.0420949323, 27.0, 0, 320.0, 484.908303403
Instituto Tecnologico de Pachuca, 85, 0, 0.0, 50.0, 0, 0, 22.0, 0, 27.6666666667, 99.6666666667
Polytechnique Montréal, 7, 63.7571157495, 89.36, 90.0, 15.8011509086, 48.9103476084, 40.0, 11.8945676044, 293.333333333, 653.056515204
Southern Illinois Univ - Edwardville, 108, 0, 0.0, 0.0, 0, 0, 22.0, 0, 0, 22.0
Olin College of Engineering, 109, 52.7632827324, 61.7, 60.0, 63.0730525531, 44.4185984586, 40.75, 12.6379780797, 53.3333333333, 388.676245157
Univ of Virginia, 100, 0, 0.0, 0.0, 0, 0, 0.0, 0, 106.666666667, 106.666666667
Univ of Puerto Rico-Mayaquez, 101, 0, 1.0, 20.0, 0, 0, 42.25, 0, 40.0, 103.25
Middle Tennessee State Univ, 106, 0, 0.0, 0.0, 0, 0, 0.0, 0, 0, 0.0
Clemson Univ, 107, 57.1750474383, 69.73, 80.0, 71.8882752761, 46.3738483426, 43.0, 21.558903783, 266.666666667, 656.392741507
Univ of Tulsa, 104, 30.4909867173, 84.62, 30.0, 12.6054125226, 47.6420979755, 28.25, 31.1277580751, 173.333333333, 438.069588624
Univ of Maryland - Baltimore County, 105, 44.0820683112, 90.78, 130.0, 68.4567152104, 52.0630929466, 36.25, 5.94728380222, 226.666666667, 654.245826937
Northern Illinois Univ, 39, 48.1380455408, 51.21, 40.0, 50.6864017572, 49.2333061982, 42.0, 1.48682095056, 146.666666667, 429.421241113
Northwestern Univ, 33, 41.3780834915, 47.98, 80.0, 17.0439380587, 34.8329288426, 26.25, 8.17751522805, 160.0, 415.662465621
Ecole De Technologie Superieure, 31, 52.6565464896, 91.97, 150.0, 70.5104166667, 62.6431250523, 41.0, 54.2531337907, 306.666666667, 829.699888666
Central Michigan Univ, 30, 57.9933586338, 49.49, 130.0, 56.7298022125, 49.203635091, 47.0, 15.6116199808, 333.333333333, 739.361749252
Government College of Engrg Pune, 37, 53.7239089184, 65.05, 150.0, 59.6492774057, 61.1116394428, 37.75, 14.8682095056, 306.666666667, 748.819701939
Univ of Akron, 36, 56.5702087287, 82.5, 80.0, 60.7557443753, 51.3597355467, 45.5, 12.6379780797, 306.666666667, 695.990333397
Univ of Notre Dame, 35, 50.5218216319, 29.94, 70.0, 7.81180494356, 54.3565173728, 39.75, 10.4077466539, 40.0, 302.787890602
Pittsburg State University, 34, 31.0958254269, 51.41, 30.0, 61.7159008023, 50.0899643186, 32.0, 15.6116199808, 173.333333333, 445.256643862
Universite de Sherbrooke, 60, 52.7277039848, 68.05, 50.0, 64.7627248374, 61.2139667227, 35.0, 65.41399521, 266.666666667, 663.835057422
Univ of Calif - Los Angeles, 62, 50.7352941176, 76.16, 80.0, 7.45672290067, 64.6493483768, 43.25, 64.5668453124, 333.333333333, 720.151544041
Virginia Tech, 63, 56.9615749526, 59.02, 70.0, 70.2664359862, 41.6880957996, 44.5, 11.8945676044, 3.0, 357.330674343
Ferris State University, 64, 32.0920303605, 47.68, 30.0, 58.711113681, 20.2800115641, 40.0, 11.8945676044, 200.0, 440.65772321
North Carolina State Univ - Raleigh, 66, 51.1622390892, 85.85, 90.0, 62.3755989679, 64.0616322152, 32.75, 12.6379780797, 360.0, 758.837448352
Ohio State Univ, 67, 0, 0, 0.0, 0, 0, 0.0, 0, 0, 0.0
Old Dominion Univ, 69, 20.564516129, 73.55, 40.0, 65.4895510836, 0, 30.5, 21.558903783, 40.0, 291.662970996
Cornell Univ, 2, 41.8406072106, 81.6, 150.0, 54.7358490566, 55.8841989942, 44.5, 75.0, 373.333333333, 876.893988595
Auburn Univ, 6, 59.2741935484, 85.14, 140.0, 65.5149051491, 40.867955965, 41.25, 5.20387332694, 173.333333333, 610.584261323
Northeastern Univ, 98, 47.7111005693, 83.55, 120.0, 55.8621258803, 17.0972147199, 42.0, 1.48682095056, 293.333333333, 661.040595453
Univ of Kansas - Lawrence, 91, 45.2205882353, 53.49, 30.0, 51.161443112, 39.0195981467, 40.75, 13.381388555, 160.0, 433.023018049
Southern Illinois Univ at Carbondale, 90, 47.3908918406, 8.0, 30.0, 65.9232567199, 31.8559277547, 33.25, 21.558903783, 40.0, 277.978980098
Univ of Nebraska - Lincoln, 93, 58.6337760911, 91.56, 70.0, 66.5890608604, 64.3066090489, 45.75, 71.6912304156, 333.333333333, 801.864009749
Michigan Tech Univ, 95, 0, 8.0, 0.0, 0, 0, 0.0, 0, 0, 8.0
Univ of Pittsburgh - Johnstown, 94, 33.6930740038, 59.47, 0.0, 55.9915076652, 6.76292024559, 36.25, 22.3023142583, 173.333333333, 387.803149506
University of Mount Union, 97, 45.0782732448, 40.47, 30.0, 65.498000258, 0, 40.0, 11.8945676044, 253.333333333, 486.274174441
Kettering Univ, 96, 56.4634724858, 2.0, 30.0, 55.1820652174, 0, 0.0, 0, 15.3333333333, 158.978871036
Pennsylvania College of Technology, 11, 48.3870967742, 85.55, 40.0, 64.9533009212, 61.2577125859, 44.0, 8.92092570333, 186.666666667, 539.735702651
Rochester Institute of Technology, 10, 68.9160341556, 86.71, 150.0, 63.5308472031, 70.3701660821, 44.25, 12.6379780797, 400.0, 896.415025521
Univ of Arkansas- Fort Smith, 13, 0, 10.0, 0.0, 0, 0, 0.0, 0, 0, 10.0
Univ of Tennessee - Martin, 12, 50.2371916509, 3.0, 40.0, 56.552857302, 0, 39.0, 10.4077466539, 106.666666667, 305.864462273
Univ of Alabama - Birmingham, 15, 1.28083491461, 0.0, 10.0, 20.4172174661, 18.265039067, 16.5, 8.17751522805, 146.666666667, 221.307273342
Universidad Panamericana, 17, 41.4492409867, 5.0, 30.0, 68.697564276, 8.51922155187, 34.5, 7.43410475278, 66.6666666667, 262.266798234
Rowan Univ, 16, 42.374288425, 79.51, 60.0, 67.9527506358, 52.0269550597, 30.25, 54.7598440886, 133.333333333, 520.207171542
Univ of Rochester, 19, 17.7537950664, 85.76, 80.0, 21.0563651433, 47.5450962789, 44.5, 11.8945676044, 173.333333333, 481.843157426
Youngstown State Univ, 18, 31.3448766603, 0.0, 40.0, 61.7684633167, 0, 36.75, 0, 0, 169.863339977
Univ of Illinois - Urbana Champaign, 48, 54.2931688805, 54.72, 60.0, 14.380822737, 0, 39.5, 2.23023142583, 3.0, 228.124223043
Ohio Northern Univ, 49, 48.8140417457, 60.27, 110.0, 52.9269182652, 64.2662867751, 40.5, 14.1247990303, 400.0, 790.902045816
Univ of Central Florida, 46, 43.7618595825, 99.0, 60.0, 20.5947584876, 52.2441627803, 44.75, 12.6379780797, 160.0, 492.98875893
West Virginia Univ Inst of Tech, 47, 51.2333965844, 41.16, 80.0, 21.2339061648, 41.9068251155, 33.5, 8.92092570333, 213.333333333, 491.288386901
Univ of Evansville, 44, 29.174573055, 8.0, 50.0, 48.0298013245, 0, 28.0, 0, 80.0, 243.20437438
University of Vermont, 42, 0, 2.0, 0.0, 0, 0, 0.0, 0, 0, 2.0
Embry-Riddle Aero Univ - Daytona Beach, 43, 0, 9.0, 0.0, 0, 0, 30.5, 0, 0, 39.5
Case Western Reserve Univ, 40, 64.1129032258, 72.15, 80.0, 46.2658343206, 49.7251618597, 43.13, 12.6379780797, 53.3333333333, 421.355210819
New Mexico State Univ, 41, 0, 3.0, 0.0, 0, 0, 0.0, 0, 0, 3.0
Univ of Michigan - Ann Arbor, 1, 75.0, 98.34, 150.0, 13.0670191783, 73.441506075, 47.25, 11.8945676044, 320.0, 788.993092858
Georgia Southern Univ, 5, 56.1076850095, 69.17, 70.0, 63.2301656495, 50.1089842591, 39.75, 65.980328902, 306.666666667, 721.013830487
Tennessee Tech Univ, 9, 47.8534155598, 45.94, 80.0, 65.5233608673, 75.0, 37.25, 55.5470289526, 333.333333333, 740.447138713
Univ of Wisconsin - Milwaukee, 77, 50.4506641366, 0.0, 80.0, 57.8547008547, 0, 33.0, 0, 106.666666667, 327.972031658
George Washington Univ, 76, 0, 0.0, 20.0, 63.2459200199, 0, 28.25, 0, 53.3333333333, 164.829253353
Univ of Waterloo, 74, 48.9919354839, 78.96, 40.0, 15.0199704142, 41.2327584239, 38.25, 12.6379780797, 0, 275.092642402
Louisiana Tech Univ, 73, 40.4174573055, 86.34, 40.0, 63.1829495955, 50.6951788255, 34.5, 38.3092303001, 306.666666667, 660.111482693
Queen's Univ - Ontario Canada, 72, 53.0123339658, 66.27, 120.0, 69.0996325031, 49.9085140862, 45.75, 12.6379780797, 306.666666667, 723.345125301
Georgia Institute of Technology, 71, 33.4440227704, 39.01, 60.0, 59.1006984866, 0, 28.75, 11.8945676044, 66.6666666667, 298.865955528
Harding Univ, 79, 43.8330170778, 13.0, 70.0, 61.2468331524, 66.4288540105, 27.0, 21.558903783, 186.666666667, 489.73427469
Iowa State Univ, 78, 63.614800759, 86.68, 100.0, 62.7378892734, 50.7845725459, 48.5, 57.8694381934, 400.0, 870.186700772
